16023
16024
16025
16026
16027
16028
16029
16030
16032
16079
16080
16336
16340
16727
16728
16749
16750
16763
16764
16837
16838
16956
16957
17090
17091
17161
17162
17176
17177
17207
17208
17210
17211
17256
17257
17990
17991
18238
18239
19815
19816
19824
19825
19826
20215
20216
20230
20231
20242
20243
20264
20265
20338
20339
20346
20347
20349
20350
20351
20352
20369
20370
20424
20425
20432
20433
21025
21084
21085
21219
21220
21277
21278
21279
21285
21286
21879
21880
21881
21884
21886
21887
21892
21894
21896
21989
21990
21994
22195
22226
22285
22451
22483
22588
22613
22614
22625
22626
22653
22706
22707
22710
22711
22712
22716
22717
22718
22720
